-90
-42 -90 -72 -77 -75 -74 -92 -95 -111 -88 
-108
-104 -110 -97 -88 -93 -104 -98 -91 -84 -81 
-126
-103 -109 -116 -105 -106 -116 -108 -113 -110 -120 
-144
-100 -131 -143 -147 -150 -140 -149 -155 -153 -159 
-162
-141 -160 -167 -172 -175 -164 -165 -177 -179 -175 
-180
178 -178 -174 178 -175 -180 177 -177 177 -176 
162
175 -179 169 176 178 171 180 175 -167 -165 
144
160 149 158 150 156 145 145 141 149 149 
126
142 145 137 134 142 141 135 139 142 147 
108
144 117 113 104 110 122 125 108 102 113 
90
107 113 106 106 104 103 95 92 88 92 
72
84 76 83 78 75 77 75 76 72 74 
54
71 73 72 66 66 72 79 63 65 81 
36
63 74 68 54 49 45 45 31 37 31 
18
18 8 3 -5 8 0 8 14 -1 6 
0
2 -13 -16 1 -17 -22 -7 11 -24 -9 
-18
-22 -19 -29 -20 -30 -34 -16 -49 -47 -23 
-36
-46 -51 -46 -43 -49 -36 -47 -40 -36 -41 
-54
-73 -81 -59 -100 -124 -86 -92 -73 -51 -75 
-72
-76 -91 -86 -84 -86 -99 -87 -92 -78 -91 
