-90
-92 -90 -123 -144 -55 -129 -101 -67 -98 -95 
-72
-72 -90 -71 -64 -69 -73 -83 -55 -104 -131 
-54
-94 -65 -129 -74 -84 -75 -61 -91 -105 -87 
-36
-36 -27 -45 -23 -39 -43 -115 -84 -65 -73 
-18
-56 -20 -10 -33 -17 -35 -23 -9 -15 -109 
0
-8 10 0 -20 -4 22 17 29 47 1 
18
-1 11 -1 13 4 2 -4 10 2 7 
36
9 -13 -21 -1 9 0 11 23 1 4 
54
4 8 19 -36 14 29 5 20 41 6 
72
24 78 97 91 69 90 69 87 102 92 
90
88 92 84 90 93 77 90 103 93 80 
108
94 107 96 105 100 92 113 102 114 111 
126
111 123 103 97 106 107 98 106 119 109 
144
133 129 128 138 153 139 142 142 159 160 
162
166 180 167 160 152 175 -176 160 160 162 
180
177 -179 169 179 -175 178 -175 178 174 -175 
-162
-179 176 -158 -174 -162 -178 -146 -135 -121 -135 
-144
-132 -121 -129 -112 -107 -117 -124 -103 -150 -131 
-126
-120 -129 -115 -126 -133 -120 -115 -126 -117 -125 
-108
-114 -117 -104 -114 -114 -112 -100 -99 -86 -100 
