-90
-70 -91 -107 -80 -90 -122 -99 -107 -89 -82 
72
-31 -10 77 85 96 109 98 102 102 107 
-126
-119 -126 -126 -126 -141 -136 -123 -164 -120 -143 
36
19 29 22 0 24 19 48 45 34 45 
-162
-180 -159 -161 175 177 -174 -180 -168 -174 -166 
0
-6 -24 2 -3 10 -2 2 -10 1 -17 
162
-166 -170 -176 -171 -176 175 167 161 172 159 
-36
-51 -35 -29 -50 -36 -54 -65 -53 -40 -37 
126
130 120 116 124 98 95 92 107 113 126 
-72
-101 -116 -91 -66 -52 -65 -50 -58 -84 -64 
90
90 98 89 92 83 89 82 90 89 90 
-108
-73 -69 -110 -124 -126 -102 -112 -118 -101 -117 
54
76 77 72 72 70 66 65 64 57 53 
-144
-130 -149 -144 -138 -150 -155 -158 -148 -158 -150 
18
3 19 27 33 23 27 19 36 38 16 
180
-171 177 -176 -179 -172 -179 172 -171 -178 -179 
-18
-21 -42 -27 -45 -20 -35 -29 -29 -19 -28 
144
145 153 148 156 158 156 155 151 156 154 
-54
-76 -53 -43 -45 -57 -51 -58 -52 -57 -58 
108
83 109 117 113 118 116 110 112 111 113 
