-90
-73 -73 -67 -70 -99 -77 -107 -74 -43 -97 
-108
-152 -101 -73 -86 -91 -127 -94 -144 -130 -122 
-126
-99 -81 -126 -144 -140 -123 -138 -137 -82 -145 
-144
-74 -134 177 51 -136 -146 -148 -158 -125 -82 
-162
154 177 -144 -168 -168 177 -47 -174 172 172 
-180
149 -138 154 180 170 140 -153 178 149 167 
162
148 175 -41 -41 165 172 -168 130 96 -149 
144
-168 94 161 179 159 122 147 -156 -156 151 
126
136 111 170 98 176 129 110 39 140 99 
108
100 116 89 117 101 114 85 128 99 124 
90
87 95 80 90 99 3 62 97 128 88 
72
73 99 -116 14 80 76 76 5 81 10 
54
61 3 -15 36 61 4 33 84 92 35 
36
3 -21 -29 19 42 77 47 0 -38 11 
18
14 14 14 11 11 -56 -7 27 -4 -26 
0
-36 -5 -2 10 20 -11 2 47 50 10 
-18
14 -32 -47 6 -22 -42 -32 4 -33 1 
-36
-32 -25 -40 -49 -22 -9 -25 -78 -56 -23 
-54
-89 -8 -49 -13 -65 -46 -104 -58 12 -98 
-72
-87 -103 -39 -103 -54 -54 -71 -7 -76 -68 
