-90
-86 -135 -88 -49 -106 -41 -81 -67 -155 -98 
-72
-38 -103 -97 -58 19 -87 -159 -61 -86 83 
-54
-76 -79 -50 -2 -70 -72 -109 -44 -100 -36 
-36
-17 -71 -93 -26 11 -148 -27 -37 -48 3 
-18
-9 -30 -13 15 -39 -23 -14 -8 -8 -33 
0
1 42 61 -23 35 -12 -1 13 -17 30 
18
38 33 -14 28 22 -9 -1 -4 8 29 
36
4 53 45 41 13 34 -12 48 8 -16 
54
80 43 12 99 62 90 17 47 96 52 
72
50 77 88 88 79 86 66 91 76 98 
90
87 77 79 91 42 87 69 69 106 79 
108
96 87 73 93 71 91 73 105 89 110 
126
123 117 124 114 114 160 123 101 133 115 
144
113 -96 164 123 150 129 141 132 127 136 
162
176 176 150 150 141 168 177 -145 160 -129 
180
174 176 167 -159 161 161 161 -132 172 -175 
-162
176 -131 -153 -180 -162 -180 150 -160 -163 172 
-144
-142 -146 -146 -175 -164 -132 90 -140 -96 176 
-126
-119 -64 -102 -121 -102 -131 -75 -101 -98 -98 
-108
-119 -151 -61 -89 58 161 -116 -96 -96 -139 
