-90
-86,-94,-106,-60,-90,-104,-86,-95,-97,-93,
-72
-75,-76,-95,-95,-95,-103,-68,-54,-75,-73,
-54
-53,-82,-71,-80,-57,-25,-56,-89,-41,-30,
-36
-62,-29,-28,-73,-54,-50,-36,-44,-35,-58,
-18
-18,-29,-14,-26,-33,-4,-32,-8,-16,-48,
0
-13,-6,-21,-5,1,1,-6,-1,-12,-6,
18
8,0,23,19,-13,3,9,-8,-14,14,
36
9,27,-2,-8,39,10,-20,34,20,7,
54
23,13,14,27,36,14,33,13,19,29,
72
19,40,14,22,44,66,74,80,91,102,
90
79,97,101,67,87,94,110,80,107,97,
108
100,95,113,125,100,105,121,123,97,101,
126
83,92,88,117,105,114,133,104,108,100,
144
101,106,124,132,145,131,126,133,136,134,
162
136,142,130,154,179,-161,131,141,127,133,
180
136,146,152,139,142,160,152,161,170,144,
198
162,154,167,-152,-179,-175,167,-167,-166,-155,
216
-152,-173,-159,-114,-121,-149,-175,-141,-178,-166,
234
-153,-166,-134,-154,-155,-103,-76,33,-136,-164,
252
-98,-124,-50,-127,-72,-99,-123,-142,-74,-139,
