-90
-77 -82 -92 -81 -102 -94 -84 -87 -87 -86 
72
68 105 96 86 99 68 18 19 87 -155 
-126
175 -146 -115 -130 -177 -163 -137 -108 -131 -119 
36
59 28 -115 -2 7 51 7 18 7 42 
-162
-158 -163 -145 -120 -163 171 179 -139 -150 -180 
0
44 1 -2 8 -16 -14 12 0 164 7 
162
173 -160 151 158 175 172 177 -169 167 175 
-36
-73 -33 -33 -38 13 -48 -37 -28 -51 -13 
126
108 70 60 81 112 134 82 131 112 91 
-72
-95 -74 -80 -116 -60 -81 -71 -75 97 -66 
90
93 85 68 106 122 8 82 76 97 53 
-108
-108 -116 -109 -98 -118 -136 -105 -97 -94 -70 
54
71 44 70 86 18 -14 64 6 -151 54 
-144
100 -116 -108 -170 -128 -161 167 55 -131 33 
18
-3 -30 -14 9 18 13 13 9 -6 -17 
180
159 148 154 132 -121 -147 147 -168 168 144 
-18
-2 -21 5 -8 -8 -3 -43 -2 155 -5 
144
171 149 114 122 132 173 113 99 151 -176 
-54
-77 -101 -57 -80 -70 -67 -86 78 -36 -74 
108
-10 13 30 86 86 98 96 110 110 92 
