-90
-77,-88,-107,-63,-67,-73,-98,-71,-100,-53,
-108
-131,-97,-71,-41,-91,-98,-114,-138,-150,-94,
-126
-102,-145,-151,-97,-152,-143,-105,-148,-128,-155,
-144
-123,-166,-173,-158,-165,-171,-163,-146,-151,-131,
-162
169,-147,163,-175,-149,166,-126,-176,166,175,
-180
150,142,165,-177,-163,-156,-176,-179,-156,-167,
-198
152,139,120,127,132,120,128,105,131,115,
-216
108,151,115,144,113,107,160,-179,161,151,
-234
147,153,158,113,122,114,127,105,87,104,
-252
110,118,98,79,90,97,102,94,105,108,
-270
101,105,93,121,98,85,92,95,120,100,
-288
92,75,86,90,68,69,120,130,108,87,
-306
31,23,80,41,22,28,22,26,31,71,
-324
18,13,19,7,54,65,37,27,27,46,
-342
15,8,20,35,40,13,8,3,7,-1,
-360
29,39,3,-12,1,31,-29,26,-27,32,
-378
18,32,-31,-55,26,36,-18,34,12,-12,
-396
-35,-63,22,-31,-42,-6,-52,-21,-39,-52,
-414
-49,15,-23,-29,-65,-57,-21,-53,-30,-24,
-432
-92,-29,-26,-78,-24,-67,-42,-98,-18,-68,
