-90
-113 -96 -90 -103 -107 -113 -101 -92 -95 -103 
72
84 173 83 89 99 70 104 122 46 112 
-126
-131 -131 -130 -128 -156 -112 -138 -108 -139 -154 
36
98 63 60 79 92 34 115 127 47 32 
-162
-126 173 173 -167 -175 -130 -112 156 -114 161 
0
5 16 42 58 3 -18 -21 -1 29 -13 
162
160 -159 -136 -166 -151 141 137 -141 -172 -180 
-36
-62 -12 -25 8 -27 16 -29 -79 -45 -71 
126
110 98 119 123 122 115 122 133 97 110 
-72
-71 -106 -72 -108 -82 -93 -89 -80 -83 -94 
90
78 90 110 138 96 80 117 88 72 107 
-108
-71 -83 -89 -113 -129 -140 -96 -134 -83 -96 
54
83 59 44 52 100 27 20 112 32 40 
-144
155 -117 -134 -156 -104 -98 -120 -173 -134 -109 
18
17 115 7 17 54 79 4 71 10 16 
180
161 -130 -176 -96 -142 161 143 -166 -149 151 
-18
-47 -33 5 -53 -49 -6 -15 -8 -26 -15 
144
126 157 131 141 -152 154 171 163 172 137 
-54
-20 -43 -48 -157 -67 -64 -40 -52 -76 -53 
108
102 106 144 89 118 132 161 88 101 113 
