-90
-74,-85,-78,-85,-83,-72,-69,-71,-74,-86,
-108
-108,-97,-91,-94,-97,-107,-111,-111,-111,-113,
-126
-96,-89,-94,-101,-127,-118,-122,-114,-114,-111,
-144
-141,-139,-135,-153,-146,-144,-153,-161,-150,-162,
-162
178,176,177,179,-177,-170,-161,-173,-162,-150,
-180
-127,-140,-155,175,-179,178,178,172,166,176,
-198
-133,160,161,165,167,164,160,162,162,163,
-216
162,161,156,153,154,154,154,150,149,151,
-234
81,86,131,133,133,134,135,133,133,132,
-252
102,103,106,107,106,106,106,105,104,105,
-270
99,103,104,90,94,97,94,97,101,102,
-288
121,68,64,75,77,82,84,78,71,76,
-306
86,73,67,60,61,61,61,62,62,56,
-324
33,48,41,35,35,38,35,38,38,41,
-342
13,11,31,29,32,25,23,25,20,25,
-360
-64,-1,4,4,4,2,2,2,0,-1,
-378
-14,-19,-24,-26,-24,-24,-20,-17,-16,-18,
-396
-16,-17,-19,-37,-49,-45,-37,-42,-51,-48,
-414
-68,-67,-62,-67,-67,-79,-67,-60,-56,-72,
-432
-102,-80,-80,-86,-97,-76,-70,-86,-82,-91,
