-90
-69,-83,-92,-89,-93,-95,-95,-94,-99,-87,
72
16,74,76,42,63,59,66,67,67,65,
234
-115,-125,-127,-130,-135,-132,-128,-109,-88,-96,
396
24,22,17,3,23,27,22,19,15,11,
558
171,164,-167,-158,-145,-152,-143,-129,-177,-162,
720
13,14,-3,-3,-2,12,7,2,-2,-5,
882
62,89,144,149,152,156,160,164,161,159,
1044
-64,-13,-32,-36,-38,-37,-36,-30,-41,-47,
1206
172,-171,131,125,131,114,130,135,138,137,
1368
-158,-142,-115,-101,-66,-96,-80,-96,-104,-61,
1530
81,73,77,80,93,95,95,102,94,99,
1692
-103,-106,-93,-84,-120,-107,-99,-145,-112,-105,
1854
-74,16,34,37,42,22,37,38,45,53,
2016
133,163,167,171,176,-167,-158,-161,-152,-146,
2178
21,17,14,5,2,8,9,6,12,20,
2340
-121,171,171,170,175,178,176,179,174,174,
2502
-7,-23,-25,-22,-19,-22,-32,-34,-34,-34,
2664
-157,143,145,147,149,151,154,154,153,163,
2826
-84,-45,-58,-99,-82,-40,-13,-33,-47,-64,
2988
-65,-156,137,123,116,120,122,120,106,100,
