-90
-96,-105,-93,-84,-81,-90,-90,-97,-101,-99,
-72
-86,-83,-83,-78,-80,-80,-84,-69,-74,-78,
-54
-46,-58,-44,-68,-50,-53,-53,-58,-58,-58,
-36
-46,-46,-43,-42,-42,-42,-42,-43,-43,-43,
-18
-14,-14,-14,-18,-24,-22,-22,-24,-36,-26,
0
-14,-14,-14,-14,-16,-15,-15,-15,-15,-15,
18
22,22,22,22,22,22,22,19,19,19,
36
25,25,24,24,32,32,32,32,34,34,
54
63,63,64,64,66,66,66,66,67,67,
72
-71,70,82,84,88,85,57,43,60,69,
90
89,89,89,89,89,89,89,91,91,91,
108
89,92,117,117,117,122,121,130,136,124,
126
149,143,128,130,134,140,141,146,146,146,
144
142,150,153,157,159,158,158,162,159,155,
162
152,155,157,158,160,160,162,166,167,163,
180
148,175,179,-177,-177,-178,-180,-180,-180,-180,
198
-164,-166,-164,-164,-164,-164,-164,-164,-158,-154,
216
-118,-130,-126,-113,-107,-157,-152,-133,-133,-133,
234
-95,-117,-115,-115,-125,-142,-116,-114,-122,-113,
252
-82,-85,-86,-102,-104,-88,-110,-108,-98,-114,
