-90
-88 -90 -89 -83 -89 -18 -87 -87 -85 -89 
-108
-88 -90 -90 -88 -89 -88 -92 -178 -94 -82 
-126
-110 -119 -163 -94 -90 -89 -88 -172 -114 -97 
-144
-156 -177 -151 -145 -180 -120 -133 -162 -149 -94 
-162
-170 -169 -169 -162 -166 -177 -168 -163 -172 -167 
-180
-179 -146 -178 -178 -149 -143 -163 -177 -167 -176 
-198
-172 -178 147 153 158 163 170 170 171 169 
-216
163 -179 163 170 166 146 -178 140 132 137 
-234
170 135 155 150 134 149 135 -169 178 136 
-252
137 131 138 95 113 116 114 106 117 117 
-270
106 100 93 98 91 93 93 95 100 102 
72
58 73 83 109 96 81 84 77 77 8 
54
30 20 50 46 38 40 38 38 86 4 
36
-26 18 92 84 40 27 35 80 46 -3 
18
0 61 12 7 6 9 11 8 15 10 
0
-6 -9 -21 -21 -16 -18 -17 -17 -17 -1 
-18
-10 -15 -21 -20 -17 2 -5 -2 -13 -13 
-36
-36 -33 -36 -28 -19 -36 0 -7 -17 -7 
-54
-59 -51 -51 -48 -33 -91 -90 -2 -4 -53 
-72
-91 -88 -91 -90 -82 -85 -89 -93 -89 -90 
