-90
-87 -89 -87 -89 -88 -87 -90 -88 -91 -95 
72
45 108 90 68 82 11 70 92 19 88 
-126
-169 -168 -143 -135 -179 -118 -127 -127 -119 -120 
36
29 23 26 24 24 24 26 10 12 24 
-162
-175 -161 -101 -166 -176 -164 -173 -168 -170 -169 
0
-1 10 -2 4 -1 -3 -1 -3 -2 -2 
-198
159 158 161 -144 178 162 -177 -172 160 158 
-36
-105 -20 -2 -31 -23 -16 -15 -10 -7 -35 
-234
127 107 128 120 128 147 117 130 124 118 
-72
153 -37 -85 -87 -88 -88 -88 -75 -74 -75 
90
89 116 88 71 56 40 26 82 79 79 
-108
-97 -87 -96 -89 -87 -93 -97 -111 -105 -103 
54
42 53 60 4 63 63 78 55 44 44 
-144
-168 -93 -102 175 178 180 -162 -140 -163 177 
18
1 3 23 4 1 5 8 4 2 7 
-180
-163 -174 -180 -178 -178 -175 -179 -175 -161 178 
-18
-8 -4 -5 -16 -25 -20 -24 -24 -15 -9 
-216
-178 164 -170 177 180 158 152 168 170 161 
-54
-44 -48 -49 -41 -57 -75 -65 -63 -68 -13 
-252
145 138 133 126 112 116 114 114 119 119 