-90
-137 -76 -89 -108 -88 -92 -89 -89 -93 -89 
-72
-89 -76 -88 -89 -84 -90 -90 -81 -97 -9 
-54
-129 -8 -10 -34 -42 -48 -58 -92 -3 -87 
-36
40 3 -87 -24 4 -55 -37 -93 -65 27 
-18
-21 -9 -1 9 12 -29 2 -76 -16 -16 
0
-8 0 -4 0 0 -2 3 -18 -5 -5 
18
2 1 -1 -6 0 10 9 -1 3 4 
36
1 7 3 6 8 4 14 25 107 84 
54
29 18 65 36 34 111 43 125 -31 46 
72
61 78 102 80 80 78 85 96 88 85 
90
78 85 83 90 103 87 89 91 93 90 
-252
86 120 109 109 114 111 94 64 85 103 
-234
88 102 87 -150 79 120 87 -178 99 99 
-216
161 131 106 128 -158 -131 160 128 139 156 
-198
-175 168 171 175 175 164 179 134 -175 177 
-180
-167 142 130 -170 -179 126 171 168 -135 175 
-162
-154 -156 -139 -170 -150 -157 -173 -151 -142 -157 
-144
-149 -138 -126 -92 -143 -136 -138 -144 -115 160 
-126
-99 -107 -114 -89 -97 -104 -113 -86 -179 -131 
-108
-97 -90 -90 -90 -90 -88 -89 -91 -89 -84 




